100
2 3 2
1 1 1
2 1 2
3 2 3
28 1 28
3 4 3
36 11 36
64 8 64
7 12 7
32 1 32
79 8 79
10 2 10
27 4 27
9 18 9
61 5 61
79 1 79
47 4 47
78 5 78
1 36 1
8 2 8
4 29 4
24 2 24
100 2 100
100 3 100
35 6 35
1 34 1
92 9 92
2 4 2
3 3 3
1 4 1
100 9 100
20 4 20
1 65 1
10 5 10
7 16 7
79 4 79
1 3 1
38 10 38
9 1 9
36 7 36
25 2 25
23 7 23
62 1 62
1 2 1
99 9 99
52 7 52
33 4 33
36 8 36
5 14 5
63 2 63
70 8 70
2 2 2
70 4 70
2 42 2
45 9 45
4 2 4
7 15 7
22 3 22
80 6 80
57 8 57
11 15 11
100 1 100
14 7 14
1 80 1
80 8 80
4 1 4
1 100 1
75 8 75
70 7 70
32 11 32
4 4 4
36 5 36
2 40 2
30 3 30
75 9 75
61 8 61
90 4 90
11 6 11
29 11 29
62 3 62
17 5 17
3 1 3
10 18 10
2 59 2
15 8 15
17 10 17
30 11 30
86 4 86
1 23 1
100 4 100
7 10 7
16 10 16
33 6 33
4 3 4
95 9 95
2 21 2
3 37 3
87 7 87
13 13 13
14 12 14
