Case #1:
1000000000000001 99 3782 32513 160041 241087 722744 1867833 4310650 28482103
1000000000000101 13 2761 2061 4751 625049 11163 2491681 8218927 22601877
1000000000000111 115 40 935 2964 248381 1790000 585 6306620 465509
1000000000001001 73 3785 23459 48911 46873 2070557 1313285 12239933 1001001
1000000000001101 147 1894 32009 21444 577021 64 4864491 140 11
1000000000010011 9 448 65 252 354547 23392 5324883 10684243 1001
1000000000011001 51 3608 17053 3756 569101 1806676 4585359 65620 23631487
1000000000011011 35 1567 15559 6197 409321 1926835 1031 7 83
1000000000011111 87 2092 25357 12498 287 649416 9 10 19273441
1000000000100101 135 1960 1105 127764 8029 17200 5528861 12643060 12031019
1000000000101011 3 3641 13 37317 775 910277 4400267 73 2093
1000000000101111 5 170 51 26 64343 5850 56485 5868658 26429983
1000000000110001 3 3169 95 1212 170513 2085982 9 20 27633727
1000000000110101 23 799 11429 989 494855 299699 43 5517793 756911
1000000000110111 63 3493 31465 163338 625177 1196088 5754663 11791325 3444441
1000000000111011 17 82 26471 137518 94681 1850741 4915763 150926 30441657
1000000000111101 93 4 15 37482 667627 16488 9 10476542 24007021
1000000001000011 165 2440 24395 81276 287749 2074820 5707845 13044145 10100101
1000000001001001 123 3248 65 130284 141701 1376 4693959 13090214 21151559
1000000001001111 3 3229 11265 642 477463 319992 405549 3250430 4314981
1000000001010101 141 7 19661 2793 4495 1592207 1431669 3869 30915157
1000000001010111 5 1270 19839 26 37 150 3192683 82 20441429
1000000001011001 103 2153 4969 21313 5 67 4218385 5636969 3401
1000000001011011 27 1372 24895 19278 3689 2090712 4416609 9676990 6159153
1000000001011101 17 3398 22359 75994 1297 1938414 5309471 5798074 19269609
1000000001011111 59 113 49 44087 19 1399 5676599 10084747 13589
1000000001100001 105 40 85 104988 291893 21200 585 5740 1111
1000000001100011 23 19 671 105491 5 360421 69821 3804523 402209
1000000001100111 3 596 23869 6114 418769 1890692 819243 33290 4652967
1000000001101011 125 10 4233 9334 317399 750 5849455 13533034 303
1000000001101101 117 28 27395 12726 348781 1927518 4203579 2434550 29423303
1000000001110011 113 3452 24435 5874 599849 257304 9 5671990 41019
1000000001110101 5 10 1581 11518 374009 2162061 65 3034 14258271
1000000001111001 57 4 15 29706 7 24 5923663 9110 19243851
1000000001111011 31 557 13223 7543 346037 1797821 6419 1693171 26328371
1000000001111101 127 1093 23951 91913 55987 1503863 3652069 12937841 29032261
1000000001111111 153 3500 24415 172776 359269 2065720 5880159 13914092 13850837
1000000010000011 167 2 21461 133981 58427 478 1968961 11636 839
1000000010000101 33 3676 21443 144838 410267 2135792 5101041 13920175 100001
1000000010001001 5 2 7 8 1933 2570 755653 4 591733
1000000010010001 159 3514 65 167972 68789 688 4065773 16060 1001
1000000010010111 3 4 15 2442 653977 1828916 311967 3288970 22029667
1000000010011001 7 1667 179 78949 263075 2150317 243731 202643 315043
1000000010011011 73 1514 23237 111086 609349 1978818 2850119 13341002 1001001
1000000010011101 75 4 31029 6 539387 120 4621209 578870 26367
1000000010100011 9 1259 421 6897 5 8893 483081 88373 17
1000000010100111 35 650 22827 110422 1591 1980978 308425 14274806 13602111
1000000010101001 3 3083 19339 21 46345 6751 285 13518359 28227689
1000000010110011 47 1634 3999 478 30239 234 204311 94 177
1000000010110101 63 3101 30095 154287 601493 1979781 4163343 4450810 30259229
