Case #1:
1000000000000001 3 2 5 2 7 2 3 2 7
1000000000000101 13 11 3 4751 173 3 53 109 3
1000000000000111 3 2 5 2 7 2 3 2 11
1000000000001001 73 5 3 19 19 3 5 19 3
1000000000001101 3 2 5 2 7 2 3 2 11
1000000000010011 3 2 5 2 7 2 3 2 7
1000000000011001 3 2 5 2 7 2 3 2 11
1000000000011011 5 1567 15559 6197 5 5 1031 7 83
1000000000011111 3 2 3 2 7 2 3 2 3
1000000000100101 3 2 5 2 7 2 3 2 7
1000000000101011 3 7 13 3 5 43 3 73 7
1000000000101111 5 2 3 2 37 2 5 2 3
1000000000110001 3 2 5 2 7 2 3 2 11
1000000000110101 23 17 11 23 5 299699 43 239 59
1000000000110111 3 2 3 2 7 2 3 2 3
1000000000111011 17 2 3 2 73 2 17 2 3
1000000000111101 3 2 3 2 7 2 3 2 3
1000000001000011 3 2 5 2 7 2 3 2 11
1000000001001001 3 2 5 2 7 2 3 2 7
1000000001001111 3 2 3 2 7 2 3 2 3
1000000001010101 3 7 13 3 5 17 3 53 7
1000000001010111 5 2 3 2 37 2 5 2 3
1000000001011001 11 5 281 101 5 67 5 13 19
1000000001011011 3 2 3 2 7 2 3 2 3
1000000001011101 17 2 3 2 1297 2 11 2 3
1000000001011111 59 113 7 157 19 1399 7 43 107
1000000001100001 3 2 5 2 7 2 3 2 11
1000000001100011 23 19 11 105491 5 47 11117 1787 127
1000000001100111 3 2 3 2 7 2 3 2 3
1000000001101011 5 2 3 2 37 2 5 2 3
1000000001101101 3 2 3 2 7 2 3 2 3
1000000001110011 3 2 3 2 7 2 3 2 3
1000000001110101 5 2 3 2 37 2 5 2 3
1000000001111001 3 2 3 2 7 2 3 2 3
1000000001111011 31 557 7 19 23 1129 7 5441 241
1000000001111101 7 19 43 17 55987 23 7 7 31
1000000001111111 3 2 5 2 7 2 3 2 7
1000000010000011 167 2 11 2 58427 2 23 2 839
1000000010000101 3 2 5 2 7 2 3 2 11
1000000010001001 5 2 7 2 1933 2 29 2 157
1000000010010001 3 2 5 2 7 2 3 2 7
1000000010010111 3 2 3 2 7 2 3 2 3
1000000010011001 7 1667 179 13 5 11 23 7 311
1000000010011011 11 2 3 2 13 2 47 2 3
1000000010011101 3 2 3 2 7 2 3 2 3
1000000010100011 3 1259 421 3 5 8893 3 67 17
1000000010100111 5 2 3 2 37 2 5 2 3
1000000010101001 3 5 13 3 5 43 3 73 7
1000000010110011 47 2 3 2 11 2 204311 2 3
1000000010110101 3 2 3 2 7 2 3 2 3
1000000010111001 31 2 3 2 1373 2 11 2 3
1000000010111011 3 7 13 3 31 5 3 73 7
1000000011000001 3 2 5 2 7 2 3 2 11
1000000011000111 3 2 3 2 7 2 3 2 3
1000000011001101 3 2 3 2 7 2 3 2 3
1000000011010001 7 5 19 347 5 1022633 5 7 29761
1000000011010011 3 2 3 2 7 2 3 2 3
1000000011010101 13 2 3 2 4679 2 12539 2 3
1000000011011001 3 2 3 2 7 2 3 2 3
1000000011011111 3 2 5 2 7 2 3 2 11
1000000011100011 5 2 3 2 37 2 5 2 3
1000000011100101 3 2 3 2 7 2 3 2 3
1000000011101001 61 2 3 2 8719 2 4339 2 3
1000000011110001 3 2 3 2 7 2 3 2 3
1000000011110111 3 2 5 2 7 2 3 2 11
1000000011111001 137 5 7 113 83 467 5 2129 17
1000000011111101 3 2 5 2 7 2 3 2 7
1000000100000001 5 19 3 281 71 3 17 691399 3
1000000100000011 3 2 5 2 7 2 3 2 11
1000000100000111 17 7 107 36931 5 13 11 271333 7
1000000100001001 3 2 5 2 7 2 3 2 11
1000000100001111 3 2 3 2 7 2 3 2 3
1000000100010001 19 2 733 2 231613 2 5 2 16661
1000000100010111 7 2 3 2 11 2 73 2 3
1000000100011011 3 2 3 2 7 2 3 2 3
1000000100011111 5 823 337 7 61 5 7 563 857
1000000100100001 3 2 5 2 7 2 3 2 7
1000000100100011 13 5 19 61 5 439 5 743 89
1000000100100101 7 151 13883 239 5 193 103 7 331
1000000100100111 3 2 3 2 7 2 3 2 3
1000000100101001 5 53 7 11 5 5 116089 43 167
1000000100101101 3 2 3 2 7 2 3 2 3
1000000100110011 3 2 3 2 7 2 3 2 3
1000000100110101 11 2 3 2 15791 2 89 2 3
1000000100111001 3 2 3 2 7 2 3 2 3
1000000100111111 3 2 5 2 7 2 3 2 11
1000000101000101 3 127 7 3 5 1783 3 641 59
1000000101000111 5 2 3 2 37 2 5 2 3
1000000101001011 3 2 3 2 7 2 3 2 3
1000000101010001 3 7 13 3 5 5 3 73 7
1000000101010101 113 2 3 2 17 2 347 2 3
1000000101011011 5 11 7 5881 83 5 7 257239 20959
1000000101100011 3 2 3 2 7 2 3 2 3
1000000101100101 5 2 3 2 11 2 5 2 3
1000000101101001 3 2 3 2 7 2 3 2 3
1000000101101111 3 2 5 2 7 2 3 2 11
1000000101110001 13 2 3 2 413683 2 11 2 3
1000000101110011 31 5 379 31387 257 11 5 23 67
1000000101110101 3 7 13 3 31 43 3 73 7
1000000101111001 5 2447 103 43 17 5 7 7 41
1000000101111011 3 2 5 2 7 2 3 2 7
1000000110000001 3 2 5 2 7 2 3 2 11
1000000110000101 71 5 9811 73 5 678499 5 19 7
1000000110000111 3 2 3 2 7 2 3 2 3
1000000110001011 13 2 3 2 3491 2 881 2 3
1000000110001101 3 2 3 2 7 2 3 2 3
1000000110010001 41 137 431 53 5 229849 11 229 157
1000000110010011 3 2 3 2 7 2 3 2 3
1000000110010101 7 2 3 2 43 2 73 2 3
1000000110011001 3 2 3 2 7 2 3 2 3
1000000110011111 3 2 5 2 7 2 3 2 11
1000000110100001 5 67 137 65437 5 5 101363 101 3947809
1000000110100011 7 2 3 2 43 2 73 2 3
1000000110100101 3 2 3 2 7 2 3 2 3
1000000110101011 3 29 19661 3 113 5 3 11 43
1000000110110001 3 2 3 2 7 2 3 2 3
1000000110110111 3 2 5 2 7 2 3 2 11
1000000110111101 3 2 5 2 7 2 3 2 11
1000000110111111 5 13 3 19 19 3 11 7 3
1000000111000011 3 2 3 2 7 2 3 2 3
1000000111001001 3 2 3 2 7 2 3 2 3
1000000111001111 3 2 5 2 7 2 3 2 11
1000000111010001 167 2 3 2 12919 2 79 2 3
1000000111010111 43 2 23 2 23 2 41161 2 163
1000000111011001 13 127 7 13 11 103 7 19 499
1000000111011011 3 2 5 2 7 2 3 2 11
1000000111011101 5 2 53 2 19 2 5471 2 2441
1000000111100001 3 2 3 2 7 2 3 2 3
1000000111100111 3 2 5 2 7 2 3 2 11
1000000111101011 79 2 31 2 21521 2 1471 2 29
1000000111101101 3 2 5 2 7 2 3 2 11
1000000111110011 3 2 5 2 7 2 3 2 11
1000000111110101 17 2 19 2 13 2 11 2 17
1000000111110111 7 13 3 23 43 3 71 7 3
1000000111111001 3 2 5 2 7 2 3 2 7
1000000111111011 5 23 3 11 13619 3 61 307 3
1000000111111101 107 5 3 83 4957 3 5 23 3
1000000111111111 3 2 5 2 5 2 3 2 11
1000001000000011 83 2 7 2 19 2 387503 2 20161
1000001000000101 3 2 5 2 7 2 3 2 11
1000001000001011 3 17 67 3 5 13 3 13 1301
1000001000001101 13 7 5531 17 5 17 11 7001 7
1000001000001111 5 2 3 2 37 2 5 2 3
1000001000010001 3 2 5 2 7 2 3 2 11
1000001000010011 7 5 163 37 5 23 5 7 17
1000001000010111 3 2 3 2 7 2 3 2 3
1000001000011011 19 2 3 2 67 2 406123 2 3
1000001000011101 3 2 3 2 7 2 3 2 3
1000001000100011 3 7 13 3 5 5 3 19 7
1000001000100111 11 2 3 2 23 2 167 2 3
1000001000101011 47 2 3 2 193649 2 31 2 3
1000001000101101 5 2 3 2 11 2 5 2 3
1000001000110101 3 2 3 2 7 2 3 2 3
1000001000110111 5 17 953 7607 17 5 7 37 349
1000001000111001 17 2 3 2 197 2 17 2 3
1000001000111011 3 5 7 3 13 139 3 4604791 1993561
1000001001000001 3 2 5 2 7 2 3 2 7
1000001001000111 3 2 3 2 7 2 3 2 3
1000001001001011 5 2 3 2 37 2 5 2 3
1000001001001101 3 2 3 2 7 2 3 2 3
1000001001010011 3 2 3 2 7 2 3 2 3
1000001001010101 5 2 3 2 37 2 5 2 3
1000001001011001 3 2 3 2 7 2 3 2 3
1000001001011101 23 17 239 41 3001 11 7 23 23
1000001001011111 3 2 5 2 7 2 3 2 11
1000001001100101 3 2 3 2 7 2 3 2 3
1000001001100111 7 5 1609 59 5101 2161 5 7 23
1000001001101001 5 2 3 2 37 2 5 2 3
1000001001101011 3 7 13 3 31 43 3 47 7
1000001001110001 3 2 3 2 7 2 3 2 3
1000001001110101 7 37 47 103 30169 5347 7 7 835721
1000001001110111 3 2 5 2 7 2 3 2 7
1000001001111001 127 1093 11 37 11 29 7 547 239
1000001001111101 3 2 5 2 7 2 3 2 11
1000001010000111 5 2 3 2 37 2 5 2 3
1000001010001001 3 5 43 3 5 1264829 3 13 85453
1000001010001101 19 2 3 2 13 2 21107 2 3
1000001010010001 5 19 691 18593 5 5 313 7 619
1000001010010101 3 2 3 2 7 2 3 2 3
1000001010100001 3 7 11 3 5 43 3 73 7
1000001010100011 53 2 3 2 211 2 157 2 3
1000001010100101 5 2 3 2 37 2 5 2 3
1000001010101001 13 2 3 2 16921 2 23 2 3
1000001010101011 11 61 5 521 11 11 7 5 29
1000001010101101 3 463 67 3 46817 127 3 7 9749
1000001010101111 5 2 17 2 19 2 5 2 101
1000001010110011 3 5 13 3 29 37 3 73 7
1000001010110111 109 2 733 2 1229 2 17 2 41
1000001010111011 7 2 9007 2 251 2 1693 2 109
1000001011000011 5 2 3 2 13 2 5 2 3
1000001011000101 3 2 3 2 7 2 3 2 3
1000001011001101 5 19 647 79 17 5 7 29 929
1000001011010001 3 2 3 2 7 2 3 2 3
1000001011010111 3 2 5 2 7 2 3 2 11
1000001011011011 139 2 29 2 3137 2 3947 2 79
1000001011011101 3 2 5 2 7 2 3 2 11
1000001011100001 5 2 3 2 19 2 5 2 3
1000001011100011 3 11 7 3 67 1536187 3 79 1609
1000001011101001 3 7 13 3 31 17 3 73 7
1000001011101011 5 2 17 2 37 2 5 2 101
1000001011110011 7 2 11 2 65447 2 59 2 31
1000001011110101 3 2 5 2 7 2 3 2 7
1000001011111011 3 7 3 3 31 3 3 43 3
1000001011111111 5 2 7 2 5 2 5 2 101
1000001100000001 3 2 5 2 7 2 3 2 11
1000001100000111 3 2 3 2 7 2 3 2 3
1000001100001101 3 2 3 2 7 2 3 2 3
1000001100010001 13 73 61 109 5 13 37 6481 23
1000001100010011 3 2 3 2 7 2 3 2 3
1000001100010101 23 2 3 2 73 2 624973 2 3
1000001100011001 3 2 3 2 7 2 3 2 3
1000001100011111 3 2 5 2 7 2 3 2 11
1000001100100011 59 2 3 2 11 2 31 2 3
1000001100100101 3 2 3 2 7 2 3 2 3
1000001100100111 5 701 2591 2267 19 5 7 277 67
1000001100110001 3 2 3 2 7 2 3 2 3
1000001100110111 3 2 5 2 7 2 3 2 11
1000001100111001 7 29 109 7 283 109 7 7 103
1000001100111011 5 2 29347 2 197 2 101 2 31
1000001100111101 3 2 5 2 7 2 3 2 11
1000001101000011 3 2 3 2 7 2 3 2 3
1000001101000101 5 2 3 2 13 2 5 2 3
1000001101001001 3 2 3 2 7 2 3 2 3
1000001101001111 3 2 5 2 7 2 3 2 11
1000001101011001 5 19 5851 11 499673 5 7 79 139
1000001101011011 3 2 5 2 7 2 3 2 11
1000001101100001 3 2 3 2 7 2 3 2 3
1000001101100111 3 2 5 2 7 2 3 2 11
1000001101101101 3 2 5 2 7 2 3 2 11
1000001101110011 3 2 5 2 7 2 3 2 7
1000001101110111 5 19 3 19 103 3 137 179 3
1000001101111001 3 2 5 2 7 2 3 2 11
1000001101111011 97 5 3 33347 17 3 5 919 3
1000001101111101 41 11 3 113 18311 3 11 1871 3
1000001101111111 3 2 5 2 5 2 3 2 11
1000001110000011 131 2 3 2 17 2 11 2 3
1000001110000101 3 2 3 2 7 2 3 2 3
1000001110001101 7 5 11 317 47881 2677 5 7 13
1000001110010001 3 2 3 2 7 2 3 2 3
1000001110010011 13 37 241 149 13 11 7 6481 53
1000001110010101 5 11 131 7 17 5 7 867401 2104273
1000001110010111 3 2 5 2 7 2 3 2 11
1000001110011001 59 7 7 19 173 17 7 11 7
1000001110011101 3 2 5 2 7 2 3 2 11
1000001110100001 31 2 3 2 13 2 647 2 3
1000001110100101 67 29 19 11 42391 131 7 23 23
1000001110101001 3 43 31 3 147137 5 3 7 33547
1000001110101011 37 2 11 2 79 2 373 2 485201
1000001110101111 3 1531 3 3 167 3 3 7703 3
1000001110110011 5 2 179 2 71 2 29 2 3162989
1000001110110101 3 2 5 2 7 2 3 2 11
1000001110110111 7 5 3 31 43 3 5 7 3
1000001110111111 29 2 7541 2 5 2 227 2 19
1000001111000001 3 2 3 2 7 2 3 2 3
1000001111000011 89 1229 7 7 10847 37 7 25951 71
1000001111000101 7 7 137 181 11 17 7 7 7
1000001111000111 3 2 5 2 7 2 3 2 11
1000001111001101 3 2 5 2 7 2 3 2 11
1000001111010001 5 397 7 191 577 5 7 29 19
1000001111010011 3 2 5 2 7 2 3 2 11
1000001111011001 3 2 5 2 7 2 3 2 11
1000001111011111 3 2 5 2 5 2 3 2 11
1000001111100101 3 2 5 2 7 2 3 2 11
1000001111101011 3 983 3 3 13 3 3 17 3
1000001111101111 5 2 17 2 5 2 5 2 7
1000001111110001 3 2 5 2 7 2 3 2 7
1000001111110011 17 5 3 173 11 3 5 19 3
1000001111110101 11 67 3 2699 67477 3 6317 11 3
1000001111110111 3 2 5 2 5 2 3 2 11
1000001111111011 13 2 7 2 5 2 1301 2 43051
1000001111111101 3 2 5 2 5 2 3 2 11
1000010000000011 3 2 5 2 7 2 3 2 7
1000010000000111 73 1759 10657 11 5 151 61 23 907
1000010000001001 3 2 5 2 7 2 3 2 11
1000010000001011 7 11 1811 139 5 1530107 173 7 2452921
1000010000001111 3 2 3 2 7 2 3 2 3
1000010000010101 3 157 11 3 5 53 3 16759 17
1000010000010111 5 2 3 2 37 2 5 2 3
1000010000011011 3 2 3 2 7 2 3 2 3
1000010000011101 31 2 3 2 61 2 29 2 3
1000010000100001 3 2 5 2 7 2 3 2 11
1000010000100111 3 2 3 2 7 2 3 2 3
1000010000101011 5 2 3 2 37 2 5 2 3
1000010000101101 3 2 3 2 7 2 3 2 3
1000010000110001 43 23 71 7 5 2137 8059 137 29
1000010000110011 3 2 3 2 7 2 3 2 3
1000010000110101 5 2 3 2 37 2 5 2 3
1000010000111001 3 2 3 2 7 2 3 2 3
1000010000111101 97 7 79 593 97 239 7 17 7
1000010000111111 3 2 5 2 7 2 3 2 11
1000010001000101 3 5 13 3 5 43 3 37 7
1000010001001001 5 11 5581 29 5 5 29 13 43
1000010001001011 3 2 3 2 7 2 3 2 3
1000010001001101 11 2 3 2 387911 2 71 2 3
1000010001010011 5 2 3 2 37 2 5 2 3
1000010001010101 19 2 3 2 23 2 41 2 3
1000010001010111 3 7 13 3 31 41 3 73 7
1000010001011001 17 2 3 2 11 2 17 2 3
1000010001011101 3 59 7 3 13 5 3 71 811
1000010001011111 7 2 827 2 17 2 79 2 113
1000010001100011 3 2 3 2 7 2 3 2 3
1000010001101001 3 2 3 2 7 2 3 2 3
1000010001101011 109 73 7 89983 62423 587 7 1481 293
1000010001101101 7 5 11 23 421 11 5 7 3752531
1000010001101111 3 2 5 2 7 2 3 2 7
1000010001110001 5 2 3 2 19 2 5 2 3
1000010001110101 3 1093 43 3 55987 13 3 11 239
1000010001111011 3 2 5 2 7 2 3 2 11
1000010001111101 13 2 19 2 10867 2 11 2 11462179
1000010001111111 107 19 3 373 40429 3 23 83 3
1000010010000001 3 2 5 2 7 2 3 2 7
1000010010000101 5 47 19 773 5 5 181 11 19
1000010010000111 3 2 3 2 7 2 3 2 3
1000010010001101 3 2 3 2 7 2 3 2 3
1000010010010011 3 2 3 2 7 2 3 2 3
1000010010011001 3 2 3 2 7 2 3 2 3
1000010010011101 17 1051 1087 11 17 20707 7 3727 2711099
1000010010011111 3 2 5 2 7 2 3 2 11
1000010010100011 5 2 3 2 19 2 5 2 3
1000010010100101 3 2 3 2 7 2 3 2 3
1000010010101011 3 7 11 3 31 13 3 19 7
1000010010110001 3 2 3 2 7 2 3 2 3
1000010010110111 3 2 5 2 7 2 3 2 7
1000010010111011 11 2 7 2 4241 2 67 2 331
1000010010111101 3 2 5 2 7 2 3 2 11
1000010011000011 3 2 3 2 7 2 3 2 3
1000010011001001 3 2 3 2 7 2 3 2 3
1000010011001111 3 2 5 2 7 2 3 2 11
1000010011010001 11 2 3 2 6301 2 677 2 3
1000010011010011 37 11 941 170633 17 20201 7 13 223
1000010011010101 3 7 13 3 31 5 3 17 7
1000010011010111 31 2 7 2 1667 2 17 2 43
1000010011011011 3 2 5 2 7 2 3 2 7
1000010011011101 7 2 983 2 11 2 5 2 29
1000010011100001 3 2 3 2 7 2 3 2 3
1000010011100111 3 2 5 2 7 2 3 2 11
1000010011101101 3 2 5 2 7 2 3 2 7
1000010011110011 3 2 5 2 7 2 3 2 11
1000010011111001 3 2 5 2 7 2 3 2 11
1000010011111111 3 2 5 2 5 2 3 2 7
1000010100000001 79 2 89 2 349 2 107 2 359
1000010100000111 5 2 3 2 19 2 5 2 3
1000010100001011 3 2 3 2 7 2 3 2 3
1000010100001111 23 3259 317 7 30133 1249 7 11 5981
1000010100010011 11 2 3 2 3359 2 31 2 3
1000010100010101 7 2 3 2 43 2 73 2 3
1000010100011111 53 2 11 2 211 2 11 2 7
1000010100100001 173 43 19 2819 5 4507 53 23 19
1000010100100011 3 2 3 2 7 2 3 2 3
1000010100100101 5 2 3 2 23 2 5 2 3
1000010100101001 3 2 3 2 7 2 3 2 3
1000010100101111 3 2 5 2 7 2 3 2 11
1000010100110001 7 2 3 2 43 2 73 2 3
1000010100110011 13 5 59 11 463 241 5 503413 17
1000010100111011 3 2 5 2 7 2 3 2 11
1000010100111101 23 2 977 2 509653 2 9949 2 167
1000010100111111 7 13 3 31 23 3 43 7 3
1000010101000001 3 7 13 3 5 43 3 73 7
1000010101000011 5 2 3 2 37 2 5 2 3
1000010101000101 109 2 3 2 67 2 59 2 3
1000010101001001 149 2 3 2 307 2 569 2 3
1000010101001101 3 1901 9949 3 47 5 3 7 2271781
1000010101010011 3 7 13 3 31 31 3 29 7
1000010101010101 11 17 5 521 11 11 7 5 19
1000010101010111 5 2 17 2 37 2 5 2 101
1000010101011111 3 79 3 3 29 3 3 19 3
1000010101100001 5 2 3 2 37 2 5 2 3
1000010101100101 3 7 11 3 31 43 3 73 7
1000010101101011 3 2 5 2 7 2 3 2 7
1000010101110101 5 2 17 2 37 2 5 2 101
1000010101110111 3 7 3 3 31 3 3 7 3
1000010101111001 47 2 47 2 53 2 9461 2 89
1000010101111101 3 37 3 3 17 3 3 61 3
1000010101111111 5 2 17 2 5 2 5 2 101
1000010110000011 3 2 3 2 7 2 3 2 3
1000010110000101 7 2 3 2 17 2 73 2 3
1000010110001001 3 2 3 2 7 2 3 2 3
1000010110001011 17 5 19 1627 2539 79 5 11 461
1000010110001111 3 2 5 2 7 2 3 2 11
1000010110010001 31 2 3 2 11 2 2069 2 3
1000010110011011 3 2 5 2 7 2 3 2 11
1000010110011111 79 5 3 7 103 3 5 1723 3
1000010110100001 3 2 3 2 7 2 3 2 3
1000010110100111 3 2 5 2 7 2 3 2 11
1000010110101011 19 2 911 2 13 2 7039 2 47
1000010110101101 3 2 5 2 7 2 3 2 11
1000010110101111 7 13 3 31 43 3 73 7 3
1000010110110011 3 2 5 2 7 2 3 2 7
1000010110111001 3 2 5 2 7 2 3 2 11
1000010110111101 7 5 3 19 13 3 5 7 3
1000010110111111 3 2 5 2 5 2 3 2 11
1000010111000001 97 2 3 2 23 2 11 2 3
1000010111001001 29 2753 7 17 50359 11 7 11 27487
1000010111001011 3 2 5 2 7 2 3 2 11
1000010111010001 3 5 13 3 31 43 3 73 7
1000010111011111 43 2 191 2 5 2 23 2 444401
1000010111100011 3 2 5 2 7 2 3 2 11
1000010111100111 7 11 3 31 43 3 73 7 3
1000010111101001 3 2 5 2 7 2 3 2 7
1000010111101101 5 19 3 2179 1693 3 1033 53 3
1000010111101111 3 2 5 2 5 2 3 2 11
1000010111110001 17 2 233 2 17 2 163 2 179
1000010111110101 3 7 3 3 23 3 3 7 3
1000010111110111 5 2 17 2 5 2 5 2 29
1000010111111011 3 2 5 2 5 2 3 2 7
1000011000000001 3 2 5 2 7 2 3 2 11
1000011000000111 3 2 3 2 7 2 3 2 3
1000011000001011 5 2 3 2 37 2 5 2 3
1000011000001101 3 2 3 2 7 2 3 2 3
1000011000010011 3 2 3 2 7 2 3 2 3
1000011000010101 5 2 3 2 37 2 5 2 3
1000011000011001 3 2 3 2 7 2 3 2 3
1000011000011111 3 2 5 2 7 2 3 2 11
1000011000100011 23 2 3 2 13 2 14737 2 3
1000011000100101 3 2 3 2 7 2 3 2 3
1000011000100111 61 5 4493 6691 11 17 5 11 71
1000011000101001 5 2 3 2 37 2 5 2 3
1000011000101011 3 347 7 3 23 109 3 467 311
1000011000101101 7 11 19 7 17 115249 7 7 347
1000011000110001 3 2 3 2 7 2 3 2 3
1000011000110111 3 2 5 2 7 2 3 2 11
1000011000111101 3 2 5 2 7 2 3 2 11
1000011001000011 3 2 3 2 7 2 3 2 3
1000011001000101 37 2 3 2 11 2 23 2 3
1000011001001001 3 2 3 2 7 2 3 2 3
1000011001001111 3 2 5 2 7 2 3 2 11
1000011001010001 5 2 3 2 13 2 5 2 3
1000011001011011 3 2 5 2 7 2 3 2 11
1000011001100001 3 2 3 2 7 2 3 2 3
1000011001100111 3 2 5 2 7 2 3 2 7
1000011001101101 3 2 5 2 7 2 3 2 11
1000011001101111 5 67 3 293 1097 3 11 71 3
1000011001110001 127 43 7 7 71 29 7 547 239
1000011001110011 3 2 5 2 7 2 3 2 11
1000011001111001 3 2 5 2 7 2 3 2 11
1000011001111011 173 2089 3 47 47417 3 2282381 23 3
1000011001111111 3 2 5 2 5 2 3 2 11
1000011010000001 7 41 11 29 5 24469 29 7 11239
1000011010000011 5 2 3 2 37 2 5 2 3
1000011010000101 3 2 3 2 7 2 3 2 3
1000011010001001 11 2 3 2 2671 2 733 2 3
1000011010001101 5 7 7 11 61 5 7 19 7
1000011010001111 7 2 23 2 163 2 11 2 990001
1000011010010001 3 2 3 2 7 2 3 2 3
1000011010010111 3 2 5 2 7 2 3 2 11
1000011010011101 3 2 5 2 7 2 3 2 11
1000011010011111 11 7 3 277 17 3 4549 11 3
1000011010100001 5 2 3 2 17 2 5 2 3
1000011010100011 3 7 13 3 31 43 3 11 7
1000011010101011 5 2 17 2 37 2 5 2 19
1000011010110101 3 2 5 2 7 2 3 2 11
1000011010111111 5 2 11 2 5 2 5 2 71
1000011011000001 3 2 3 2 7 2 3 2 3
1000011011000111 3 2 5 2 7 2 3 2 11
1000011011001101 3 2 5 2 7 2 3 2 11
1000011011010011 3 2 5 2 7 2 3 2 7
1000011011010101 7 2 29 2 739 2 17 2 41
1000011011011001 3 2 5 2 7 2 3 2 11
1000011011011111 3 2 5 2 5 2 3 2 11
1000011011100001 11 149 7 56911 13 23 7 11 4993
1000011011100011 7 2 379 2 467 2 8011 2 313
1000011011100101 3 2 5 2 7 2 3 2 7
1000011011100111 5 41 3 17 121441 3 797 109 3
1000011011101011 3 7 3 3 19 3 3 73 3
1000011011101101 13 5 3 5659 322559 3 5 1069 3
1000011011110001 3 2 5 2 7 2 3 2 11
1000011011110111 3 2 5 2 5 2 3 2 7
1000011011111011 5 2 17 2 5 2 5 2 101
1000011011111101 3 2 5 2 5 2 3 2 11
1000011011111111 7 151 31 106319 310663 13 26321 7 17
1000011100000011 3 2 3 2 7 2 3 2 3
1000011100000101 5 2 3 2 37 2 5 2 3
1000011100001001 3 2 3 2 7 2 3 2 3
1000011100001101 7 1013 13 113 13 59 7 7 11257
1000011100001111 3 2 5 2 7 2 3 2 11
1000011100011011 3 2 5 2 7 2 3 2 11
1000011100100001 3 2 3 2 7 2 3 2 3
1000011100100111 3 2 5 2 7 2 3 2 11
1000011100101101 3 2 5 2 7 2 3 2 11
1000011100110011 3 2 5 2 7 2 3 2 11
1000011100110111 5 13 3 17 43 3 11 7 3
1000011100111001 3 2 5 2 7 2 3 2 11
1000011100111011 13 5 3 7 19 3 5 14593 3
1000011100111111 3 2 5 2 5 2 3 2 11
1000011101000001 5 2 3 2 37 2 5 2 3
1000011101000101 3 71 877 3 178693 1231 3 7 877
1000011101001011 3 2 5 2 7 2 3 2 11
1000011101001101 19 2 11 2 11 2 179 2 7
1000011101001111 11 47 3 7 19 3 1831 107 3
1000011101010101 5 2 17 2 13 2 5 2 101
1000011101010111 3 17 3 3 83 3 3 17 3
1000011101011101 3 11 3 3 587 3 3 769 3
1000011101011111 5 2 7 2 5 2 5 2 7
1000011101100011 3 2 5 2 7 2 3 2 7
1000011101101001 3 2 5 2 7 2 3 2 11
1000011101101111 3 2 5 2 5 2 3 2 11
1000011101110101 3 107 3 3 1277 3 3 23 3
1000011101111001 79 7 3 60449 13 3 2069 1311263 3
1000011101111011 3 2 5 2 5 2 3 2 11
1000011101111101 5 2 17 2 5 2 5 2 71
